239
15
105
225
202
173
17
234
20
185
166
109
129
174
127
102
159
210
131
59
230
110
7
137
211
173
66
68
41
20
181
181
86
166
219
17
134
136
88
17
21
175
160
8
169
180
175
65
187
78
93
120
75
29
200
166
242
10
254
25
42
206
33
224
90
134
187
34
174
65
50
249
109
53
228
74
99
113
252
104
121
154
2
204
25
160
72
148
56
73
86
240
93
166
45
131
248
147
222
199
156
59
18
16
217
176
83
228
207
139
162
157
11
207
199
118
236
215
154
7
81
13
242
105
159
42
250
144
254
87
29
103
131
113
248
162
83
232
119
125
222
88
39
239
84
15
46
184
213
247
108
98
42
147
1
68
56
39
196
117
174
191
147
147
145
176
252
205
38
253
77
29
234
44
148
187
238
136
51
200
251
245
143
38
2
24
170
45
145
125
176
12
184
194
66
18
110
48
139
221
95
65
30
213
28
44
201
37
17
24
247
169
148
115
161
220
224
221
0
182
135
156
125
167
127
41
209
143
242
203
8
87
21
34
174
164
112
157
49
71
250
72
116
135
42
162
179
85
155
93
185
225
117
3
170
62
112
93
226
58
14
55
244
236
231
55
7
142
150
180
244
203
240
255
184
203
20
241
10
165
152
39
123
24
38
65
173
124
135
42
254
102
134
10
154
47
28
1
244
64
200
114
199
130
88
237
57
157
176
249
248
139
159
178
21
126
69
77
64
214
233
117
226
178
197
2
55
34
103
242
179
163
234
176
244
6
14
0
114
138
222
150
14
42
185
70
49
226
69
182
218
5
34
43
6
201
0
244
46
64
245
199
0
250
65
72
171
95
117
158
56
145
184
23
11
200
43
92
8
6
154
167
19
242
175
246
96
43
180
144
152
47
108
141
197
142
20
27
66
164
211
146
102
115
126
83
99
221
196
27
83
145
86
79
152
73
45
216
18
183
251
124
177
237
8
49
118
5
37
23
144
170
136
123
252
136
190
39
63
236
250
200
14
159
18
194
215
137
134
69
97
25
161
232
66
214
8
83
156
220
78
129
130
242
66
242
10
229
44
37
235
114
80
234
113
246
63
216
113
231
233
27
37
199
42
203
249
115
131
20
3
255
203
190
92
92
237
187
125
28
190
7
39
139
149
251
180
251
58
151
91
114
193
25
183
84
162
117
255
227
130
2
62
54
39
56
4
156
182
205
239
102
221
251
86
123
60
45
65
102
28
22
248
13
58
19
128
23
66
213
226
178
171
91
196
101
70
237
235
148
77
26
128
246
67
103
180
182
53
188
131
56
239
64
133
244
247
182
215
126
169
66
37
85
88
35
20
231
165
6
245
143
152
60
60
162
228
206
143
73
200
59
95
171
127
7
188
33
74
4
226
91
123
93
176
81
155
214
164
247
226
100
44
96
161
204
116
201
1
134
147
188
117
9
87
233
69
118
47
214
228
9
145
218
95
215
145
35
34
185
144
253
172
63
45
117
52
8
222
185
24
143
10
174
100
95
19
33
39
129
131
187
85
11
149
188
244
1
150
197
138
43
208
126
235
203
44
92
13
249
157
135
91
0
54
214
89
188
174
0
76
59
76
196
221
228
65
241
118
242
44
66
166
197
162
248
203
15
87
141
238
43
240
242
185
235
51
36
219
178
176
212
247
162
223
207
113
56
148
125
181
50
73
48
108
225
172
243
155
14
35
13
236
213
54
71
241
235
150
151
140
171
232
95
143
182
248
239
1
57
8
83
147
165
142
147
177
20
6
138
116
187
248
254
134
210
60
3
23
127
229
73
128
45
234
201
101
202
14
54
237
214
22
35
243
179
23
104
117
117
42
92
162
19
230
196
0
14
36
26
188
121
66
184
8
220
228
116
13
1
41
82
153
130
229
245
109
52
103
123
34
206
241
56
32
90
28
13
95
80
122
219
181
2
119
14
218
200
72
205
12
198
43
197
85
85
112
101
3
219
48
235
231
63
66
228
141
246
177
118
107
4
76
136
156
147
73
179
148
145
60
188
71
226
166
47
59
243
217
58
47
76
26
254
60
112
248
224
99
197
159
246
249
39
50
87
115
13
89
99
118
20
196
84
36
10
23
194
126
255
113
129
149
250
137
142
191
80
4
122
209
189
219
101
172
72
23
121
169
68
191
246
235
168
151
154
254
187
36
27
43
22
100
11
79
187
96
51
212
15
208
41
140
171
241
169
205
39
64
248
255
187
77
86
160
99
218
16
10
243
42
57
214
148
193
130
158
3
117
236
245
30
19
218
107
49
160
166
182
5
9
19
20
45
103
189
150
43
17
54
167
183
108
20
123
19
190
125
112
218
51
71
5
61
50
179
199
215
34
99
39
202
184
154
229
65
128
64
116
37
134
52
62
76
85
160
87
77
94
118
202
1
254
137
97
242
2
137
173
36
230
209
15
164
34
13
248
105
161
107
89
81
54
143
86
34
97
7
113
55
184
154
197
47
73
106
112
78
219
37
243
115
106
191
225
129
86
50
225
0
0
137
172
145
137
106
159
238
247
211
156
225
129
188
153
85
28
248
94
125
108
97
6
25
30
126
159
50
160
30
250
40
82
140
162
177
122
203
112
239
225
186
153
23
169
181
72
132
39
4
150
95
129
148
60
33
37
60
5
15
152
185
200
227
19
30
249
39
40
32
110
19
108
225
201
216
181
141
37
228
203
61
217
169
44
11
172
103
98
72
20
15
111
242
122
62
77
153
19
177
47
69
103
232
53
129
119
133
187
42
226
101
33
37
165
220
247
2
49
43
19
89
221
209
57
46
151
136
197
19
2
186
39
183
10
194
143
41
29
59
169
121
98
15
102
12
5
62
58
235
250
32
51
152
11
72
89
57
141
28
147
245
251
188
116
126
69
138
36
233
57
69
239
1
151
15
113
200
22
171
61
182
87
244
246
32
67
199
164
68
41
104
0
96
191
249
183
116
6
222
120
110
126
51
136
232
177
171
177
161
64
181
91
26
237
212
77
149
85
252
86
255
109
31
204
9
251
154
12
4
208
106
15
248
62
242
14
90
162
56
206
28
240
213
136
231
198
179
14
175
193
244
184
131
208
69
199
71
60
83
27
0
8
116
62
216
191
237
165
53
163
168
72
226
87
44
135
87
102
95
127
183
248
147
77
204
42
207
229
70
149
65
175
6
93
179
128
159
62
124
209
54
108
138
103
181
168
113
103
108
109
171
52
148
194
108
182
172
162
191
232
65
126
102
60
193
9
114
12
97
132
207
26
100
250
97
26
92
97
226
113
106
245
240
184
229
127
149
92
86
77
124
81
105
210
152
83
59
51
61
150
84
187
95
161
40
9
167
187
0
4
90
62
246
156
233
74
0
158
119
112
137
249
137
181
73
110
194
19
57
43
142
52
54
139
182
132
0
98
242
13
221
220
15
186
34
17
59
229
73
57
23
91
68
46
171
219
134
21
62
66
61
171
1
216
45
209
70
95
192
22
226
8
127
23
212
158
178
192
82
56
31
207
149
55
81
167
19
103
91
140
16
66
134
216
56
247
116
95
8
60
54
171
197
39
246
113
17
90
217
248
34
20
96
225
193
38
82
200
156
252
28
39
186
237
101
86
254
24
97
22
133
146
124
37
125
26
125
40
190
122
135
13
4
205
71
63
96
163
243
184
15
168
166
130
79
135
90
83
195
186
53
116
179
80
152
70
16
188
79
11
25
86
18
91
101
168
38
197
245
169
137
107
160
122
11
15
49
135
112
112
70
203
211
169
36
35
36
186
199
151
41
227
155
101
14
187
128
4
232
140
4
194
166
83
48
200
200
31
12
123
90
148
21
240
3
65
67
25
133
216
135
190
90
4
193
19
17
121
120
156
196
188
67
40
73
69
65
10
221
245
29
110
74
243
140
1
22
232
204
41
126
130
80
66
239
24
174
203
27
84
57
39
137
53
7
46
75
146
138
229
37
204
100
220
178
192
61
130
8
170
117
38
191
147
68
25
230
104
130
17
42
105
32
254
155
155
146
117
120
182
23
246
130
220
89
96
103
122
145
2
124
24
113
92
145
220
70
9
16
102
159
46
195
209
86
87
238
233
77
236
25
36
66
9
56
82
212
209
45
171
99
227
144
89
91
173
229
116
105
76
155
51
178
183
77
220
150
56
249
203
39
165
236
149
92
127
6
74
185
7
14
31
46
41
35
188
65
115
19
217
190
230
159
43
99
174
42
87
203
40
157
6
246
47
8
207
32
54
190
102
212
181
228
167
208
29
98
231
193
32
8
168
38
65
97
230
139
72
116
175
129
208
165
49
159
93
168
120
87
236
37
87
145
192
125
60
56
64
70
55
221
206
7
13
11
52
140
15
137
183
238
71
55
205
195
78
161
223
168
27
98
80
46
232
211
84
0
184
21
200
202
231
42
222
3
68
146
155
61
55
100
103
66
28
233
47
255
209
1
132
61
216
186
159
89
41
206
103
18
113
88
96
133
244
53
11
220
121
138
214
105
218
0
233
229
9
213
133
44
94
114
193
247
249
72
186
54
86
97
232
82
70
41
157
112
31
182
157
8
169
58
228
142
231
64
248
47
194
151
127
142
17
59
251
18
30
73
2
0
7
254
204
8
205
236
155
161
82
253
83
203
180
114
152
233
11
240
42
152
12
8
165
1
193
198
164
183
241
210
187
254
66
88
173
38
233
7
255
23
41
242
252
92
129
185
80
219
197
206
176
92
86
87
90
116
49
11
155
194
97
179
41
2
216
29
232
254
2
154
124
22
104
252
111
223
243
183
51
147
1
207
117
196
227
88
29
106
107
105
239
146
146
20
100
119
27
74
138
85
243
196
185
30
80
243
113
21
145
183
185
40
41
251
215
119
250
54
221
90
169
190
10
201
187
131
233
159
204
22
246
22
153
44
22
50
166
191
203
29
14
42
141
208
60
110
88
143
104
211
176
31
53
28
8
46
213
154
96
203
148
153
75
60
155
198
112
140
23
224
123
156
8
45
34
182
199
190
161
252
31
172
201
170
94
243
237
252
42
229
94
18
82
123
26
235
113
173
101
16
169
25
155
63
73
22
211
159
49
215
93
15
8
113
155
42
15
11
38
1
202
196
17
185
241
67
3
162
117
13
176
159
159
113
175
85
51
253
45
227
85
243
255
175
115
53
156
23
176
168
177
160
172
252
44
73
171
169
182
21
0
158
179
29
156
90
48
163
90
36
32
205
29
189
109
53
76
178
22
173
184
51
118
149
131
123
68
70
154
50
96
71
106
246
132
80
0
116
205
211
18
225
57
182
204
241
64
198
89
121
84
10
78
237
24
1
132
161
83
23
121
240
85
149
134
92
236
178
11
137
7
101
72
102
127
207
22
29
106
63
220
7
45
152
247
206
34
36
126
100
68
7
195
250
145
162
54
98
182
17
160
122
58
228
255
251
42
121
160
115
184
205
185
61
158
136
17
218
42
174
227
141
219
3
197
205
41
116
56
19
242
186
130
43
251
106
62
78
197
64
18
17
8
174
159
55
252
35
172
130
122
183
202
238
59
219
191
201
237
43
104
122
39
115
5
206
78
1
175
211
26
218
212
55
128
248
14
141
55
207
243
72
9
141
212
113
137
218
255
249
187
90
72
14
93
172
99
240
210
110
221
200
88
78
51
44
94
196
208
242
187
230
151
248
222
21
129
122
116
252
152
46
228
141
141
251
195
147
98
27
198
208
13
105
73
0
131
245
0
99
149
55
245
122
232
9
181
60
253
101
107
8
169
57
100
84
90
18
5
186
255
198
224
212
230
116
104
207
234
47
223
38
106
46
162
199
54
72
129
106
169
83
80
195
6
20
184
11
12
196
153
63
141
91
196
29
159
255
148
39
81
47
181
39
148
122
11
70
171
48
149
115
238
202
2
183
20
97
140
24
220
88
232
126
17
200
62
179
119
172
66
20
55
117
121
115
243
113
127
166
31
189
200
250
53
154
140
169
60
81
173
39
23
160
38
110
22
124
93
37
45
35
176
112
222
215
149
165
223
80
117
128
169
27
5
56
100
71
198
248
71
31
124
19
29
77
139
95
189
33
64
10
186
213
243
88
52
73
13
13
153
71
53
240
124
118
198
231
121
17
140
252
174
39
255
210
169
222
139
186
63
29
140
240
198
7
254
116
121
0
199
100
241
159
100
178
163
96
245
95
194
29
125
19
217
180
16
108
226
217
131
0
208
224
253
21
37
248
223
132
20
187
244
87
58
199
144
229
94
65
101
173
176
146
181
176
116
247
128
233
160
89
58
155
247
37
152
44
43
173
211
193
248
211
119
71
116
90
65
40
66
221
223
166
62
239
27
32
13
211
211
155
105
167
140
171
133
75
208
25
190
102
70
50
91
13
213
57
46
168
97
110
30
196
172
117
6
75
178
155
245
182
55
23
138
64
161
103
62
140
92
94
173
125
179
133
91
24
145
208
252
254
248
65
208
187
194
5
191
61
6
109
243
254
209
59
167
91
208
123
127
214
194
220
155
42
159
36
31
90
56
130
231
33
127
97
27
122
181
127
68
139
157
55
222
17
80
231
51
29
23
252
83
72
95
182
211
122
127
19
239
147
13
117
49
117
140
244
232
166
230
60
24
16
99
124
255
148
92
201
175
5
107
61
75
37
40
11
250
177
231
141
169
160
121
125
160
185
35
180
185
232
160
162
128
71
251
123
98
54
204
220
250
210
230
217
21
136
178
137
80
255
200
180
148
0
125
44
79
145
139
211
67
182
176
55
9
0
205
70
201
165
187
55
230
89
60
203
9
38
245
205
12
3
125
57
203
1
140
18
20
98
95
80
91
4
132
208
165
57
166
23
249
2
57
60
12
102
50
126
76
2
14
211
40
0
83
204
228
68
7
105
29
19
49
37
2
83
130
43
252
196
190
60
251
137
208
197
162
105
238
99
1
9
209
86
109
117
54
221
31
217
161
185
29
166
153
233
121
108
95
8
80
1
177
53
22
64
248
186
203
239
170
6
160
194
114
1
241
148
94
173
107
177
8
28
28
87
109
107
137
162
16
155
7
232
237
114
101
185
193
225
17
186
154
30
69
201
206
240
97
93
175
36
72
207
27
178
147
222
74
15
195
63
235
229
56
88
63
148
236
129
117
28
108
39
73
151
172
117
246
83
74
150
141
190
106
53
26
175
17
147
9
38
117
145
185
159
244
10
95
4
99
149
16
0
53
49
16
255
159
150
189
67
139
198
88
24
95
132
209
209
237
105
18
255
12
180
6
203
178
211
50
50
146
97
144
80
232
65
23
167
70
75
163
101
134
133
77
36
75
145
108
100
187
78
192
0
205
65
224
24
93
44
27
2
247
100
134
66
62
21
224
61
82
128
148
144
91
249
172
114
13
162
197
87
30
89
253
218
88
75
76
0
13
190
214
253
91
191
252
36
253
254
31
217
160
55
161
176
61
78
6
53
242
8
185
54
125
16
107
2
0
213
201
96
192
198
46
251
65
170
17
193
8
158
14
120
50
48
92
9
105
86
226
1
238
229
9
24
232
196
161
194
134
52
254
58
10
30
121
34
230
101
176
171
148
46
187
250
58
58
104
48
130
0
248
222
37
199
7
1
188
93
180
7
237
187
197
197
196
241
44
84
246
61
49
237
216
25
34
122
128
128
144
193
60
22
63
77
2
226
8
90
28
75
27
205
105
233
188
199
44
205
182
255
44
132
6
41
91
167
85
21
0
95
111
92
173
35
110
37
243
218
86
114
210
169
155
156
133
51
13
116
83
133
247
66
144
151
77
41
60
179
25
137
96
243
155
44
43
190
235
61
99
211
0
36
128
53
57
15
16
159
53
165
77
113
53
14
95
100
54
86
159
235
95
209
194
203
207
143
86
160
9
110
172
192
163
55
139
1
251
45
129
84
190
165
189
163
29
135
73
202
231
18
235
246
126
172
196
180
30
236
214
154
32
50
38
124
190
133
141
219
242
198
62
46
145
133
99
210
138
50
245
67
135
187
87
107
62
237
59
143
18
88
234
243
175
74
123
190
86
189
83
253
99
184
4
58
175
119
82
104
63
68
38
242
230
54
122
22
109
63
19
249
152
193
64
115
83
253
90
55
48
202
133
49
65
216
148
116
52
128
106
37
210
211
188
120
247
226
59
117
19
242
219
90
207
174
8
246
35
83
153
168
131
242
119
131
10
252
251
113
175
253
224
77
33
7
249
73
174
223
42
232
6
190
188
223
228
160
160
227
241
56
15
247
156
121
21
158
110
227
187
0
230
48
199
176
62
33
12
83
21
247
104
200
27
121
88
155
183
125
18
128
192
156
166
0
96
76
203
184
45
109
255
31
63
205
150
236
84
67
185
162
232
10
91
71
210
172
69
49
194
166
11
38
111
132
84
240
147
15
224
5
255
91
60
186
187
205
90
188
126
93
11
170
127
37
224
9
63
15
96
177
232
100
146
105
205
96
20
144
20
45
0
87
227
185
128
125
171
23
241
89
66
157
189
117
161
3
101
80
226
133
252
126
174
134
34
37
144
88
238
55
34
81
46
251
116
74
101
188
30
43
114
36
148
236
98
117
99
149
114
67
131
123
78
96
106
44
41
80
53
124
234
235
57
189
46
195
137
168
73
110
233
90
42
216
206
150
189
123
4
122
123
248
134
177
50
214
118
48
103
28
116
174
137
14
197
226
58
143
2
241
32
82
24
67
29
131
81
89
149
208
243
97
47
246
111
80
161
83
12
122
118
173
163
94
242
15
6
163
79
73
228
249
111
194
241
36
67
132
13
148
246
44
60
108
219
143
182
234
123
243
203
131
72
214
181
229
130
65
111
225
188
188
152
116
53
83
80
66
199
11
96
203
161
221
202
50
236
27
111
66
220
127
49
194
25
182
41
176
205
169
51
69
133
182
194
103
202
49
54
255
170
193
34
30
242
89
228
249
228
69
57
84
49
105
185
81
205
140
109
170
162
226
200
117
221
16
14
169
136
241
46
234
84
150
211
150
253
78
118
76
42
18
135
42
46
54
185
174
62
109
38
155
176
131
216
173
67
152
161
34
120
195
44
233
202
111
91
232
16
237
42
152
158
170
122
176
222
168
134
87
27
121
50
143
178
58
99
6
24
201
57
26
19
146
215
15
213
204
147
40
137
174
0
208
250
13
254
66
0
50
29
110
13
18
0
45
225
90
154
210
214
227
206
60
145
86
104
129
248
255
216
238
100
8
177
62
253
18
190
185
61
229
229
125
180
33
108
246
115
104
153
30
197
117
73
4
154
141
199
231
97
10
37
102
237
6
118
153
202
114
93
165
140
144
214
83
108
112
149
37
93
143
133
76
163
22
246
110
232
70
12
195
50
147
44
165
203
68
78
22
240
206
216
62
172
27
49
103
63
48
149
73
5
18
54
179
211
208
185
40
143
72
13
182
19
36
99
37
224
165
252
124
119
140
81
84
59
166
58
177
50
163
173
65
170
86
77
175
230
7
16
12
9
180
83
19
174
169
169
35
159
39
114
98
51
226
142
38
70
136
30
84
183
13
21
109
79
219
245
96
162
67
86
113
46
235
118
133
102
0
99
208
165
77
82
94
150
182
27
51
106
126
8
215
78
12
151
22
252
244
178
254
133
92
161
66
155
150
255
13
89
155
54
185
73
81
103
136
37
4
130
236
173
250
164
211
83
12
230
229
255
201
53
178
134
112
136
190
126
14
128
28
52
5
98
165
131
81
29
128
63
145
39
7
137
118
229
177
166
34
16
166
231
64
220
111
93
240
77
37
225
146
38
212
55
0
223
54
194
239
46
10
155
28
211
115
221
131
0
73
142
215
92
207
151
8
101
75
238
50
89
10
135
162
55
126
104
40
23
163
135
204
218
45
8
167
51
59
16
112
108
253
141
138
102
121
246
91
237
122
120
146
62
133
23
81
199
153
166
2
3
102
250
186
242
225
34
113
249
9
54
137
246
148
236
76
43
43
88
5
111
243
136
133
109
71
32
226
145
228
11
217
250
130
168
196
172
176
220
69
108
97
191
95
2
11
194
81
112
26
34
195
207
56
53
129
59
51
149
119
220
2
17
70
222
191
122
187
226
111
172
147
70
60
26
51
217
206
137
99
18
0
11
0
115
154
69
134
44
227
141
198
13
39
121
246
202
110
78
48
141
33
69
48
68
189
75
64
207
181
185
15
224
67
120
202
245
230
181
75
227
1
143
100
105
143
104
43
228
17
250
127
193
22
195
10
30
96
123
212
41
222
123
171
127
253
24
202
72
107
213
238
238
49
0
31
39
146
252
62
65
242
44
192
246
133
17
42
60
91
0
13
190
187
137
247
117
110
241
151
231
53
148
163
166
202
177
29
79
190
12
179
149
0
54
117
22
103
203
55
176
131
219
125
91
176
19
130
245
77
191
234
105
43
167
98
208
79
32
192
179
203
143
75
111
101
253
56
234
147
92
48
175
3
140
137
217
232
7
138
144
135
193
243
0
240
98
69
60
40
230
112
137
152
28
236
24
108
80
169
52
10
134
181
200
170
212
67
226
60
143
6
213
54
60
156
193
228
35
29
36
49
203
149
172
0
19
15
248
250
54
129
35
66
176
65
56
127
243
42
228
137
149
202
97
220
27
17
74
74
102
167
169
139
70
61
202
176
55
184
18
255
135
145
12
140
204
153
64
44
55
202
146
60
74
17
51
225
42
176
111
177
215
233
206
94
114
53
3
146
68
225
160
20
14
0
129
124
77
55
178
223
35
91
181
100
183
135
242
46
59
122
122
205
229
97
79
155
222
25
119
113
111
24
5
100
69
224
165
4
105
37
193
43
154
137
107
7
250
186
44
25
43
32
39
196
49
129
179
98
163
220
211
137
227
192
62
186
110
211
196
205
28
12
47
181
86
110
159
19
149
247
157
2
203
211
162
123
220
210
249
31
31
243
18
187
126
133
135
13
109
250
115
117
135
63
26
134
97
9
70
224
132
167
109
24
24
244
29
58
65
0
79
159
197
10
6
103
124
37
53
89
2
46
147
162
229
134
205
237
21
206
225
45
165
196
215
115
32
194
48
33
240
87
167
75
14
98
14
64
54
138
80
229
145
124
101
141
16
9
90
42
164
65
170
54
0
28
122
124
37
56
20
1
10
175
209
243
3
156
217
5
10
197
105
130
86
140
45
136
99
135
0
116
235
77
109
254
76
24
120
43
16
250
20
149
79
183
41
255
214
135
19
249
241
91
98
82
74
18
222
32
145
130
221
71
42
235
85
230
92
229
82
190
